[COURSE HEADER]
VERSION = 2
UNITS = METRIC
DESCRIPTION = golden cheetah
FILE NAME = .crs
DISTANCE GRADE WIND
[END COURSE HEADER]
[COURSE DATA]
0.50422 0.56631 0
0.50613 0.996894 0
0.50391 1.13381 0
0.50743 1.0364 0
0.50634 0.714351 0
0.50697 0.717359 0
0.50368 0.568032 0
0.50171 2.67274 0
0.50401 6.00172 0
0.50298 5.10276 0
0.50025 4.01754 0
0.50584 0.0877949 0
0.50042 0.915916 0
0.5052 2.8852 0
0.50186 3.4842 0
0.50583 4.60072 0
0.50645 0.855518 0
0.50222 -4.91677 0
0.50575 -4.92767 0
0.5028 -2.65566 0
0.5007 -0.0896171 0
0.5005 -2.21169 0
0.5028 -2.34793 0
0.5034 -4.25672 0
0.5001 -1.92697 0
0.504 -3.06365 0
0.5085 -0.337512 0
0.5036 -1.28614 0
[END COURSE DATA]
