0.532095 0.894141
0.189043 0.613426
0.550977 0.415724
0.00397384 0.60576
0.89423 0.666812
0.0730728 0.740658
0.64018 0.926186
0.389914 0.553149
0.046918 0.172275
0.820327 0.578957
0.166575 0.597895
0.587999 0.824301
0.184717 0.0608049
0.264707 0.661072
0.564959 0.824897
0.986991 0.654621
0.214221 0.611877
0.997171 0.807318
0.233578 0.380796
0.209772 0.585171
0.631619 0.418295
0.441601 0.474479
0.246242 0.196578
0.243191 0.428592
0.129101 0.460463
0.808454 0.240363
0.23591 0.362678
0.841259 0.0182264
0.825533 0.867529
0.780973 0.282859
0.492706 0.0717757
0.0641069 0.0241644
0.711451 0.621806
0.532239 0.872561
0.264527 0.947361
0.984485 0.373498
0.890788 0.0900603
0.81489 0.765458
0.656357 0.383494
0.161836 0.878997
0.789622 0.367808
0.00529994 0.694075
0.751558 0.0541492
0.315169 0.989785
0.0675723 0.642346
0.144209 0.130059
0.755242 0.723929
0.0258396 0.306045
0.00905612 0.544864
0.0917369 0.0311395
0.000120247 0.760615
0.599014 0.406906
0.0209242 0.0676926
0.402961 0.743223
0.536965 0.776167
0.791622 0.4288
0.0492686 0.546021
0.321031 0.883358
0.45994 0.0493888
0.306635 0.920045
0.290264 0.480864
0.117081 0.709596
0.663268 0.827229
0.25703 0.908703
0.138396 0.712536
0.37325 0.578061
0.792062 0.598336
0.761925 0.679885
0.498106 0.0823257
0.0791993 0.879007
0.389481 0.161374
0.909555 0.33623
0.78771 0.527877
0.87391 0.282804
0.914291 0.579771
0.126212 0.635836
0.962689 0.412397
0.662097 0.205412
0.514842 0.35217
0.573771 0.571652
0.541641 0.302552
0.880047 0.447681
0.854456 0.455932
0.882323 0.00625933
0.0835167 0.817145
0.868329 0.54442
0.211671 0.598359
0.169315 0.4421
0.116072 0.753312
0.900911 0.0493624
0.889781 0.970528
0.209244 0.783234
0.0556217 0.973298
0.787673 0.0775736
0.327654 0.267293
0.571657 0.956988
0.519674 0.443726
0.0206049 0.472568
0.00635056 0.409455
0.414254 0.229849
